-19696 -6353
-18032 -9425
-16368 -12753
-13808 -15121
-10800 -17361
-7664 -18705
-4208 -19793
-816 -20945
2895 -20753
6415 -20113
9679 -18129
12559 -16273
15631 -14097
17999 -11153
18575 -7505
20047 -4305
20239 -785
20303 2863
19919 6255
17871 9391
16527 12719
13191 14895
11215 17647
7695 18991
4111 19759
655 21039
-2736 20015
-6256 19823
-9584 17967
-12272 15727
-14896 13295
-17264 10735
-18800 7663
-20592 4335
-20464 751
-19888 -2577
-240 -21201
3279 -20177
6607 -18961
10063 -17873
13263 -16017
15311 -13009
18319 -10705
19535 -7505
19983 -3665
19855 -17
19535 3311
19855 6959
18127 10287
15823 13039
13007 15407
10255 17455
7119 19055
3471 19631
15 20335
-3568 20079
-7024 19567
-10160 18031
-12720 15407
-16048 13551
-17648 10351
-18992 6895
-19888 3503
-20656 111
-20016 -3473
-19184 -6865
-18096 -10193
-15344 -12689
-13488 -15889
-9776 -17297
-7280 -19793
-3504 -19665
3023 -20421
6543 -19857
9743 -17873
12431 -15441
15247 -13239
17487 -10577
18767 -7313
19407 -3985
20111 -529
20367 3119
19343 6447
17871 9647
15695 12591
13583 15215
10831 17697
7503 18991
4047 19887
591 20655
-3056 19823
-6512 18863
-9456 17519
-12464 15663
-15728 13871
-17840 10991
-19632 7791
-20208 4079
-20912 623
-20208 -3089
-18928 -6481
-17584 -9617
-15728 -12625
-13232 -14993
-10416 -17233
-7728 -19537
-4144 -20177
-560 -20177
2191 -20561
5583 -19409
8975 -18755
12175 -16721
14543 -14033
17423 -11793
18959 -8529
19471 -4881
20431 -1489
20111 2095
20175 5487
18575 8943
16911 12207
13903 14319
11279 16687
8207 18287
5135 19823
1487 20911
-1968 20399
-5616 20207
-9136 18607
-12016 16815
-14640 14319
-17392 11631
-19120 8495
-19248 4783
-20592 1455
-20272 -2065
-19760 -5481
-18416 -9041
-16688 -12177
-13744 -14289
-11312 -16593
-8240 -18065
-4848 -19793
-1392 -20817
783 -20177
4175 -20561
7759 -19409
11215 -17873
14159 -15761
16399 -12945
17871 -9745
20047 -6545
20111 -2897
20687 751
19599 4207
19407 7791
17103 10671
15311 13732
12431 15855
9679 18287
6351 19311
3023 20783
-560 20271
-4080 19951
-7472 18543
-10416 16943
-14064 15663
-15984 12783
-18544 9839
-19760 6511
-20016 2799
-20976 -657
-20400 -4305
-18416 -7441
-16880 -10641
-14832 -13457
-12848 -16401
-9776 -18385
-6128 -19281
-2928 -20561