1000 -1368
1112 2360
-1784 -104
1416 -808
72 1736
-1912 -984
-632 1512
2072 -472
-1688 -1912
440 2120
1816 -1720
-1928 -600
-536 1544
-1240 -1688
2328 -360
-2168 744
568 -2248
1896 1736
1208 -1064
360 2280
-1800 -648
-1032 872
-440 -2552
2248 1048
-632 -1656
-1576 2120
2376 472
-552 -1368
-1656 1960
1864 296
-1064 -984
-504 2504
1496 -424
552 -1320
1320 1752
-2472 232
1544 440
-648 -1960
-1048 1112
-88 1576
2376 -1064
-1672 -1176
-88 1336
2360 -1016
-2072 -1592
-1304 -1768
-824 2152
2488 -488
-456 -1304
-840 1240
1992 184
-504 -1960
-1464 1352
2536 648
-1064 -2152
-1320 1800
2552 280
402 -1551
-2451 812
1273 1128
55 -2677
1412 850
-1759 1006
415 -1724
-2633 755
1246 1040
-1154 -2054
2429 50
-1291 1995
1098 -1440
677 1768
-2417 -325
449 -1827
1712 1870
-2337 698
-267 -2373
1872 869
-1916 1483
6 -1781
2088 1131
-1359 767
927 -1895
1382 2177
-1473 73
1906 -1588
347 2166
-1966 -860
-1154 -1929
1849 -40
-1256 2064
-813 -1281
2429 -257
-881 1586
-221 -1610
2543 1085
-1575 1188
-1370 -1167
2452 -860
-471 1984
1087 -1645
904 2246
-1689 -189
-5 -2043
2224 1392
-2053 1267
-1803 -1565
1860 -484
-346 1859
1690 -1474
495 2519
-1473 -507
1132 -1258
381 1688
-1780 -416
1951 -1007
-107 1620
-1484 -1007
2054 -143
-926 1836
-665 -1326
1587 -530
-221 1449
-1165 -1098
427 -1497
1485 1427
-1419 335
1617 -770
-163 2150
-1547 -991
-291 -2434
2385 987
-1222 1103